-2 4 35.8608421540822 1 0
0.75 3 12.3904575177836 1 1
0.75 1.57291666666667 3.11932898715666 1 2
0.75 0.925531181015453 0.808942245978922 1 3
0.997351832030085 0.498675916015043 0.784717916569338 1 4
0.75 0.749344989421483 0.413394553277605 1 5
0.687593476660979 0.624555480396602 0.332093738765876 0.25 6
0.809570306423493 0.545164524244803 0.321809366807404 0.5 7
0.749820113040692 0.480194584795138 0.310864520954644 0.25 8
0.749910056520346 0.587918203326268 0.249420337853684 0.5 9
0.751191335947982 0.586895068234882 0.249396966251775 0.0078125 10
0.751191335947982 0.586895068234882 0.249396966251775 5.96046447753906e-08 10
5.96046447753906e-08